 5.00000000e-13  1.60992491e-02 
 5.13999706e-13  1.65570940e-02 
 5.41999118e-13  1.74872862e-02 
 5.97997941e-13  1.94388372e-02 
 7.09995588e-13  2.37425284e-02 
 9.33990881e-13  3.41374860e-02 
 1.38198147e-12  6.24012581e-02 
 2.27796264e-12  1.44186120e-01 
 3.97277496e-12  3.51187668e-01 
 5.74033655e-12  5.94864059e-01 
 8.35811993e-12  9.56248278e-01 
 1.17447120e-11  1.40641109e+00 
 1.75730830e-11  2.12780677e+00 
 2.35042656e-11  2.72976604e+00 
 3.53666308e-11  3.61777712e+00 
 5.32207057e-11  4.56706020e+00 
 7.06555270e-11  5.17791220e+00 
 9.65563110e-11  5.59868352e+00 
 1.00000000e-10  5.60809954e+00 
 1.01372351e-10  5.56763605e+00 
 1.04117054e-10  5.48127163e+00 
 1.09606460e-10  5.27797689e+00 
 1.20585272e-10  4.54578354e+00 
 1.35122749e-10  2.88744543e+00 
 1.48191740e-10  1.88021924e+00 
 1.63157328e-10  1.21687645e+00 
 1.83874169e-10  6.53578542e-01 
 2.04273066e-10  3.40611530e-01 
 2.37938395e-10  9.57107349e-02 
 2.83640893e-10  1.24155530e-02 
 3.44244268e-10 -1.41010075e-03 
 4.32155464e-10  1.10369654e-03 
 5.32155464e-10 -1.03242675e-03 
 6.32155464e-10  1.00449502e-03 
 7.32155464e-10 -9.88836483e-04 
 8.32155464e-10  9.77537786e-04 
 9.32155464e-10 -9.67552984e-04 
 1.03215546e-09  9.58710581e-04 
 1.13215546e-09 -9.50167814e-04 
 1.23215546e-09  9.42358329e-04 
 1.33215546e-09 -9.34650565e-04 
 1.43215546e-09  9.27529442e-04 
 1.53215546e-09 -9.20412448e-04 
 1.63215546e-09  9.13788596e-04 
 1.73215546e-09 -9.07105304e-04 
 1.83215546e-09  9.00848823e-04 
 1.93215546e-09 -8.94490302e-04 
 2.03215546e-09  8.88510513e-04 
 2.10000000e-09 -8.79597098e-04 
 2.10229935e-09 -8.83045886e-02 
 2.10689805e-09 -2.61950614e-01 
 2.11609545e-09 -5.69577156e-01 
 2.12842539e-09 -6.81314318e-01 
 2.14087595e-09 -6.60153882e-01 
 2.15618720e-09 -6.65691805e-01 
 2.17376393e-09 -6.07792449e-01 
 2.20000000e-09  1.78731729e-01 
 2.20115072e-09  3.13451135e-01 
 2.20345217e-09  5.84321800e-01 
 2.20805505e-09  1.12975864e+00 
 2.21726083e-09  2.00400280e+00 
 2.22854092e-09  2.71724181e+00 
 2.24636904e-09  3.48597486e+00 
 2.26573317e-09  4.04430696e+00 
 2.29785725e-09  4.58281126e+00 
 2.34443566e-09  4.88959236e+00 
 2.39782190e-09  4.97704132e+00 
 2.45842867e-09  4.99208017e+00 
 2.54277702e-09  4.99730268e+00 
 2.64277702e-09  4.99674097e+00 
 2.74277702e-09  4.99911342e+00 
 2.84277702e-09  4.99790683e+00 
 2.94277702e-09  4.99981943e+00 
 3.04277702e-09  4.99841408e+00 
 3.14277702e-09  5.00011541e+00 
 3.24277702e-09  4.99859858e+00 
 3.34277702e-09  5.00020764e+00 
 3.44277702e-09  4.99870740e+00 
 3.54277702e-09  5.00027244e+00 
 3.64277702e-09  4.99879234e+00 
 3.74277702e-09  5.00031869e+00 
 3.84277702e-09  4.99886136e+00 
 3.94277702e-09  5.00035222e+00 
 4.00000000e-09  4.99891597e+00 
 4.00343721e-09  5.12966177e+00 
 4.01031163e-09  5.38265295e+00 
 4.02406048e-09  5.66171114e+00 
 4.04103398e-09  5.67365263e+00 
 4.06186391e-09  5.65199240e+00 
 4.08365855e-09  5.63641421e+00 
 4.10000000e-09  5.60608777e+00 
 4.10310469e-09  5.51389406e+00 
 4.10931407e-09  5.28991925e+00 
 4.12173283e-09  4.48039119e+00 
 4.14395704e-09  2.39030583e+00 
 4.16104050e-09  1.41102418e+00 
 4.17958788e-09  8.20352669e-01 
 4.19644072e-09  4.84621521e-01 
 4.22039336e-09  2.17374578e-01 
 4.25636226e-09  5.08112116e-02 
 4.30029646e-09  8.67880484e-03 
 4.35760181e-09 -1.79494102e-03 
 4.43424472e-09  1.76438012e-03 
 4.53424472e-09 -1.75692755e-03 
 4.63424472e-09  1.75182313e-03 
 4.73424472e-09 -1.74550098e-03 
 4.83424472e-09  1.73943032e-03 
 4.93424472e-09 -1.73180403e-03 
 5.00000000e-09  1.72029425e-03 
