 1.90734863e-18  2.05427864e-05 
 2.14576721e-18  2.31014572e-05 
 2.62260437e-18  2.82006863e-05 
 2.74181366e-18  2.94687466e-05 
 2.98023224e-18  3.20004589e-05 
 3.45706940e-18  3.70377842e-05 
 3.57627869e-18  3.82906774e-05 
 3.81469727e-18  4.07922575e-05 
 4.29153442e-18  4.57705133e-05 
 5.24520874e-18  5.56306557e-05 
 7.15255737e-18  7.49899701e-05 
 7.62939453e-18  7.97442653e-05 
 8.58306885e-18  8.92002969e-05 
 1.04904175e-17  1.07813043e-04 
 1.43051147e-17  1.43986107e-04 
 2.19345093e-17  2.13051047e-04 
 3.18680542e-17  2.98396755e-04 
 5.17351441e-17  4.61248243e-04 
 7.80254561e-17  6.70067751e-04 
 1.25782157e-16  1.04562766e-03 
 1.92100379e-16  1.56620279e-03 
 2.70537790e-16  2.18166184e-03 
 3.82981020e-16  3.06321956e-03 
 5.76582362e-16  4.57919824e-03 
 9.03146557e-16  7.13092601e-03 
 1.30023728e-15  1.02246492e-02 
 1.94018622e-15  1.51895363e-02 
 3.07024570e-15  2.38941447e-02 
 5.33036467e-15  4.10660161e-02 
 9.85060261e-15  7.44818461e-02 
 1.88910785e-14  1.37766395e-01 
 3.69720302e-14  2.51362239e-01 
 7.31339337e-14  4.34979561e-01 
 1.45457741e-13  6.77445104e-01 
 2.74429485e-13  8.78919381e-01 
 4.13701530e-13  9.46933727e-01 
 6.13122045e-13  9.73872942e-01 
 8.67701690e-13  9.83690313e-01 
 1.33325764e-12  1.00085618e+00 
 1.88192766e-12  1.02730116e+00 
 2.92227204e-12  1.08965049e+00 
 4.82154952e-12  1.22266882e+00 
 6.94487211e-12  1.37904163e+00 
 1.01031618e-11  1.60668579e+00 
 1.46078790e-11  1.91517910e+00 
 2.36173132e-11  2.46500361e+00 
 3.63232164e-11  3.01824283e+00 
 4.81100899e-11  3.23280854e+00 
 6.41876937e-11  2.97679439e+00 
 8.98939651e-11  2.14481801e+00 
 1.00000000e-10  1.89823762e+00 
 1.01471391e-10  1.82654795e+00 
 1.04414173e-10  1.68910793e+00 
 1.10299737e-10  1.44030344e+00 
 1.22070865e-10  1.03399845e+00 
 1.45613120e-10  5.01464776e-01 
 1.75123643e-10  1.79817941e-01 
 2.08836766e-10  4.84505356e-02 
 2.46275669e-10  1.02008855e-02 
 2.94160495e-10  8.24338345e-04 
 3.63832216e-10 -6.64942122e-05 
 4.63832216e-10  9.66376320e-06 
 5.63832216e-10  2.59927260e-06 
 6.63832216e-10 -2.48822060e-06 
 7.63832216e-10 -2.59143289e-07 
 8.63832216e-10  3.28295461e-06 
 9.63832216e-10 -5.97999338e-06 
 1.06383222e-09  8.28156011e-06 
 1.16383222e-09 -1.01870407e-05 
 1.26383222e-09  1.17758689e-05 
 1.36383222e-09 -1.30717267e-05 
 1.46383222e-09  1.41473404e-05 
 1.56383222e-09 -1.50137592e-05 
 1.66383222e-09  1.57300944e-05 
 1.76383222e-09 -1.62965753e-05 
 1.86383222e-09  1.67622064e-05 
 1.96383222e-09 -1.71196035e-05 
 2.06383222e-09  1.74105503e-05 
 2.10000000e-09 -1.78894900e-05 
 2.10182350e-09 -5.76353471e-02 
 2.10547049e-09 -1.66276478e-01 
 2.11276448e-09 -3.50837143e-01 
 2.12165219e-09 -5.26322704e-01 
 2.13253930e-09 -6.42719513e-01 
 2.14297341e-09 -6.55915351e-01 
 2.16081984e-09 -6.44089086e-01 
 2.17958469e-09 -6.36131999e-01 
 2.20000000e-09 -6.32886610e-01 
 2.20224221e-09 -5.66834633e-01 
 2.20672663e-09 -4.36820432e-01 
 2.21569547e-09 -1.02922377e-01 
 2.22810814e-09  6.03737503e-01 
 2.24590405e-09  1.64738615e+00 
 2.26467421e-09  2.51714052e+00 
 2.29904691e-09  3.56446719e+00 
 2.34170958e-09  4.33189071e+00 
 2.38807979e-09  4.73168451e+00 
 2.46273551e-09  4.95842966e+00 
 2.53248708e-09  4.99102459e+00 
 2.63248708e-09  5.00128651e+00 
 2.73248708e-09  4.99874295e+00 
 2.83248708e-09  5.00124105e+00 
 2.93248708e-09  4.99877595e+00 
 3.03248708e-09  5.00120888e+00 
 3.13248708e-09  4.99880830e+00 
 3.23248708e-09  5.00117702e+00 
 3.33248708e-09  4.99883960e+00 
 3.43248708e-09  5.00114619e+00 
 3.53248708e-09  4.99886988e+00 
 3.63248708e-09  5.00111636e+00 
 3.73248708e-09  4.99889918e+00 
 3.83248708e-09  5.00108750e+00 
 3.93248708e-09  4.99892753e+00 
 4.00000000e-09  5.00105312e+00 
 4.00331772e-09  5.09782908e+00 
 4.00995316e-09  5.27694860e+00 
 4.02322404e-09  5.51815158e+00 
 4.03718834e-09  5.61991151e+00 
 4.04984401e-09  5.60711074e+00 
 4.06647439e-09  5.54204587e+00 
 4.08500091e-09  5.41282106e+00 
 4.10000000e-09  4.94790818e+00 
 4.10370530e-09  4.50315563e+00 
 4.11111591e-09  3.59756729e+00 
 4.12593712e-09  2.24834239e+00 
 4.14413338e-09  1.29621489e+00 
 4.16003556e-09  8.14728787e-01 
 4.17611835e-09  4.95345759e-01 
 4.20191724e-09  2.05209577e-01 
 4.23536598e-09  5.65252247e-02 
 4.27393163e-09  1.12337509e-02 
 4.32076844e-09  8.99052977e-04 
 4.38744175e-09  7.67520964e-05 
 4.48744175e-09 -1.39279866e-04 
 4.58744175e-09  1.57070281e-04 
 4.68744175e-09 -1.61635532e-04 
 4.78744175e-09  1.62589956e-04 
 4.88744175e-09 -1.62611372e-04 
 4.98744175e-09  1.62149595e-04 
 5.00000000e-09 -1.56446900e-04 
