 0.00000000e+00  4.99999997e+00 
 1.00000000e-02  4.99999996e+00 
 2.00000000e-02  4.99999995e+00 
 3.00000000e-02  4.99999994e+00 
 4.00000000e-02  4.99999993e+00 
 5.00000000e-02  4.99999991e+00 
 6.00000000e-02  4.99999989e+00 
 7.00000000e-02  4.99999986e+00 
 8.00000000e-02  4.99999982e+00 
 9.00000000e-02  4.99999977e+00 
 1.00000000e-01  4.99999971e+00 
 1.10000000e-01  4.99999963e+00 
 1.20000000e-01  4.99999952e+00 
 1.30000000e-01  4.99999938e+00 
 1.40000000e-01  4.99999921e+00 
 1.50000000e-01  4.99999897e+00 
 1.60000000e-01  4.99999867e+00 
 1.70000000e-01  4.99999828e+00 
 1.80000000e-01  4.99999778e+00 
 1.90000000e-01  4.99999713e+00 
 2.00000000e-01  4.99999628e+00 
 2.10000000e-01  4.99999518e+00 
 2.20000000e-01  4.99999376e+00 
 2.30000000e-01  4.99999191e+00 
 2.40000000e-01  4.99998952e+00 
 2.50000000e-01  4.99998643e+00 
 2.60000000e-01  4.99998241e+00 
 2.70000000e-01  4.99997721e+00 
 2.80000000e-01  4.99997047e+00 
 2.90000000e-01  4.99996174e+00 
 3.00000000e-01  4.99995042e+00 
 3.10000000e-01  4.99993575e+00 
 3.20000000e-01  4.99991673e+00 
 3.30000000e-01  4.99989209e+00 
 3.40000000e-01  4.99986015e+00 
 3.50000000e-01  4.99981877e+00 
 3.60000000e-01  4.99976513e+00 
 3.70000000e-01  4.99969560e+00 
 3.80000000e-01  4.99960550e+00 
 3.90000000e-01  4.99948872e+00 
 4.00000000e-01  4.99933737e+00 
 4.10000000e-01  4.99914120e+00 
 4.20000000e-01  4.99888692e+00 
 4.30000000e-01  4.99853279e+00 
 4.40000000e-01  4.99769140e+00 
 4.50000000e-01  4.99666139e+00 
 4.60000000e-01  4.99544454e+00 
 4.70000000e-01  4.99404264e+00 
 4.80000000e-01  4.99245763e+00 
 4.90000000e-01  4.99069139e+00 
 5.00000000e-01  4.98874582e+00 
 5.10000000e-01  4.98662274e+00 
 5.20000000e-01  4.98432388e+00 
 5.30000000e-01  4.98185092e+00 
 5.40000000e-01  4.97920544e+00 
 5.50000000e-01  4.97638893e+00 
 5.60000000e-01  4.97340280e+00 
 5.70000000e-01  4.97024838e+00 
 5.80000000e-01  4.96692691e+00 
 5.90000000e-01  4.96343954e+00 
 6.00000000e-01  4.95978735e+00 
 6.10000000e-01  4.95597131e+00 
 6.20000000e-01  4.95199235e+00 
 6.30000000e-01  4.94785127e+00 
 6.40000000e-01  4.94354883e+00 
 6.50000000e-01  4.93908568e+00 
 6.60000000e-01  4.93446243e+00 
 6.70000000e-01  4.92967956e+00 
 6.80000000e-01  4.92473752e+00 
 6.90000000e-01  4.91963666e+00 
 7.00000000e-01  4.91437724e+00 
 7.10000000e-01  4.90895947e+00 
 7.20000000e-01  4.90338346e+00 
 7.30000000e-01  4.89764926e+00 
 7.40000000e-01  4.89175683e+00 
 7.50000000e-01  4.88570605e+00 
 7.60000000e-01  4.87949673e+00 
 7.70000000e-01  4.87312860e+00 
 7.80000000e-01  4.86660130e+00 
 7.90000000e-01  4.85991439e+00 
 8.00000000e-01  4.85306736e+00 
 8.10000000e-01  4.84605960e+00 
 8.20000000e-01  4.83889042e+00 
 8.30000000e-01  4.83155904e+00 
 8.40000000e-01  4.82406461e+00 
 8.50000000e-01  4.81640616e+00 
 8.60000000e-01  4.80858265e+00 
 8.70000000e-01  4.80059293e+00 
 8.80000000e-01  4.79243575e+00 
 8.90000000e-01  4.78410977e+00 
 9.00000000e-01  4.77561354e+00 
 9.10000000e-01  4.76694551e+00 
 9.20000000e-01  4.75810400e+00 
 9.30000000e-01  4.74908724e+00 
 9.40000000e-01  4.73989331e+00 
 9.50000000e-01  4.73052020e+00 
 9.60000000e-01  4.72096575e+00 
 9.70000000e-01  4.71122766e+00 
 9.80000000e-01  4.70130350e+00 
 9.90000000e-01  4.69119071e+00 
 1.00000000e+00  4.68088654e+00 
 1.01000000e+00  4.67038811e+00 
 1.02000000e+00  4.65969236e+00 
 1.03000000e+00  4.64879605e+00 
 1.04000000e+00  4.63769577e+00 
 1.05000000e+00  4.62638789e+00 
 1.06000000e+00  4.61486860e+00 
 1.07000000e+00  4.60313384e+00 
 1.08000000e+00  4.59117936e+00 
 1.09000000e+00  4.57900063e+00 
 1.10000000e+00  4.56659287e+00 
 1.11000000e+00  4.55395104e+00 
 1.12000000e+00  4.54106979e+00 
 1.13000000e+00  4.52794347e+00 
 1.14000000e+00  4.51456607e+00 
 1.15000000e+00  4.50093127e+00 
 1.16000000e+00  4.48703231e+00 
 1.17000000e+00  4.47286208e+00 
 1.18000000e+00  4.45841299e+00 
 1.19000000e+00  4.44367698e+00 
 1.20000000e+00  4.42864549e+00 
 1.21000000e+00  4.41330941e+00 
 1.22000000e+00  4.39765902e+00 
 1.23000000e+00  4.38168397e+00 
 1.24000000e+00  4.36537317e+00 
 1.25000000e+00  4.34871481e+00 
 1.26000000e+00  4.33169621e+00 
 1.27000000e+00  4.31430377e+00 
 1.28000000e+00  4.29652289e+00 
 1.29000000e+00  4.27833788e+00 
 1.30000000e+00  4.25973181e+00 
 1.31000000e+00  4.24068639e+00 
 1.32000000e+00  4.22118186e+00 
 1.33000000e+00  4.20119675e+00 
 1.34000000e+00  4.18070777e+00 
 1.35000000e+00  4.15968952e+00 
 1.36000000e+00  4.13811426e+00 
 1.37000000e+00  4.11595162e+00 
 1.38000000e+00  4.09316825e+00 
 1.39000000e+00  4.06972740e+00 
 1.40000000e+00  4.04558857e+00 
 1.41000000e+00  4.02070699e+00 
 1.42000000e+00  3.99503338e+00 
 1.43000000e+00  3.96851506e+00 
 1.44000000e+00  3.94109712e+00 
 1.45000000e+00  3.91271047e+00 
 1.46000000e+00  3.88327605e+00 
 1.47000000e+00  3.85270319e+00 
 1.48000000e+00  3.82088710e+00 
 1.49000000e+00  3.78770558e+00 
 1.50000000e+00  3.75301474e+00 
 1.51000000e+00  3.71664321e+00 
 1.52000000e+00  3.67838417e+00 
 1.53000000e+00  3.63798431e+00 
 1.54000000e+00  3.59512769e+00 
 1.55000000e+00  3.54941177e+00 
 1.56000000e+00  3.50031018e+00 
 1.57000000e+00  3.44711195e+00 
 1.58000000e+00  3.38881611e+00 
 1.59000000e+00  3.32393385e+00 
 1.60000000e+00  3.25007449e+00 
 1.61000000e+00  3.16293483e+00 
 1.62000000e+00  3.05314428e+00 
 1.63000000e+00  2.88412300e+00 
 1.64000000e+00  2.34797534e+00 
 1.65000000e+00  1.79925150e+00 
 1.66000000e+00  1.37534369e+00 
 1.67000000e+00  1.10737288e+00 
 1.68000000e+00  1.01025006e+00 
 1.69000000e+00  9.56726872e-01 
 1.70000000e+00  9.16116240e-01 
 1.71000000e+00  8.83213795e-01 
 1.72000000e+00  8.54795522e-01 
 1.73000000e+00  8.29637677e-01 
 1.74000000e+00  8.06989096e-01 
 1.75000000e+00  7.86330010e-01 
 1.76000000e+00  7.67294766e-01 
 1.77000000e+00  7.49615588e-01 
 1.78000000e+00  7.33089558e-01 
 1.79000000e+00  7.17558680e-01 
 1.80000000e+00  7.02897165e-01 
 1.81000000e+00  6.89002979e-01 
 1.82000000e+00  6.75792044e-01 
 1.83000000e+00  6.63194129e-01 
 1.84000000e+00  6.51149877e-01 
 1.85000000e+00  6.39608605e-01 
 1.86000000e+00  6.28526640e-01 
 1.87000000e+00  6.17866046e-01 
 1.88000000e+00  6.07593631e-01 
 1.89000000e+00  5.97680164e-01 
 1.90000000e+00  5.88099750e-01 
 1.91000000e+00  5.78829330e-01 
 1.92000000e+00  5.69848266e-01 
 1.93000000e+00  5.61138005e-01 
 1.94000000e+00  5.52681802e-01 
 1.95000000e+00  5.44464481e-01 
 1.96000000e+00  5.36472248e-01 
 1.97000000e+00  5.28692514e-01 
 1.98000000e+00  5.21113764e-01 
 1.99000000e+00  5.13725429e-01 
 2.00000000e+00  5.06517786e-01 
 2.01000000e+00  4.99481868e-01 
 2.02000000e+00  4.92609382e-01 
 2.03000000e+00  4.85892646e-01 
 2.04000000e+00  4.79324529e-01 
 2.05000000e+00  4.72898396e-01 
 2.06000000e+00  4.66608061e-01 
 2.07000000e+00  4.60447753e-01 
 2.08000000e+00  4.54412071e-01 
 2.09000000e+00  4.48495959e-01 
 2.10000000e+00  4.42694672e-01 
 2.11000000e+00  4.37003755e-01 
 2.12000000e+00  4.31419014e-01 
 2.13000000e+00  4.25936502e-01 
 2.14000000e+00  4.20552494e-01 
 2.15000000e+00  4.15263475e-01 
 2.16000000e+00  4.10066122e-01 
 2.17000000e+00  4.04957289e-01 
 2.18000000e+00  3.99933996e-01 
 2.19000000e+00  3.94993421e-01 
 2.20000000e+00  3.90132880e-01 
 2.21000000e+00  3.85349826e-01 
 2.22000000e+00  3.80641839e-01 
 2.23000000e+00  3.76006613e-01 
 2.24000000e+00  3.71441953e-01 
 2.25000000e+00  3.66945766e-01 
 2.26000000e+00  3.62516055e-01 
 2.27000000e+00  3.58150917e-01 
 2.28000000e+00  3.53848530e-01 
 2.29000000e+00  3.49607154e-01 
 2.30000000e+00  3.45425124e-01 
 2.31000000e+00  3.41300847e-01 
 2.32000000e+00  3.37232797e-01 
 2.33000000e+00  3.33219512e-01 
 2.34000000e+00  3.29259588e-01 
 2.35000000e+00  3.25351680e-01 
 2.36000000e+00  3.21494496e-01 
 2.37000000e+00  3.17686796e-01 
 2.38000000e+00  3.13927387e-01 
 2.39000000e+00  3.10215123e-01 
 2.40000000e+00  3.06548900e-01 
 2.41000000e+00  3.02927658e-01 
 2.42000000e+00  2.99350375e-01 
 2.43000000e+00  2.95816066e-01 
 2.44000000e+00  2.92323784e-01 
 2.45000000e+00  2.88872614e-01 
 2.46000000e+00  2.85461675e-01 
 2.47000000e+00  2.82090115e-01 
 2.48000000e+00  2.78757114e-01 
 2.49000000e+00  2.75461878e-01 
 2.50000000e+00  2.72203644e-01 
 2.51000000e+00  2.68981669e-01 
 2.52000000e+00  2.65795240e-01 
 2.53000000e+00  2.62643666e-01 
 2.54000000e+00  2.59526277e-01 
 2.55000000e+00  2.56442427e-01 
 2.56000000e+00  2.53391490e-01 
 2.57000000e+00  2.50372861e-01 
 2.58000000e+00  2.47385951e-01 
 2.59000000e+00  2.44430194e-01 
 2.60000000e+00  2.41505039e-01 
 2.61000000e+00  2.38609952e-01 
 2.62000000e+00  2.35744416e-01 
 2.63000000e+00  2.32907930e-01 
 2.64000000e+00  2.30100008e-01 
 2.65000000e+00  2.27320177e-01 
 2.66000000e+00  2.24567981e-01 
 2.67000000e+00  2.21842974e-01 
 2.68000000e+00  2.19144727e-01 
 2.69000000e+00  2.16472820e-01 
 2.70000000e+00  2.13826847e-01 
 2.71000000e+00  2.11206414e-01 
 2.72000000e+00  2.08611137e-01 
 2.73000000e+00  2.06040643e-01 
 2.74000000e+00  2.03494571e-01 
 2.75000000e+00  2.00972568e-01 
 2.76000000e+00  1.98474293e-01 
 2.77000000e+00  1.95999413e-01 
 2.78000000e+00  1.93547604e-01 
 2.79000000e+00  1.91118553e-01 
 2.80000000e+00  1.88711952e-01 
 2.81000000e+00  1.86327505e-01 
 2.82000000e+00  1.83964922e-01 
 2.83000000e+00  1.81623921e-01 
 2.84000000e+00  1.79304228e-01 
 2.85000000e+00  1.77005576e-01 
 2.86000000e+00  1.74727705e-01 
 2.87000000e+00  1.72470362e-01 
 2.88000000e+00  1.70233301e-01 
 2.89000000e+00  1.68016283e-01 
 2.90000000e+00  1.65819073e-01 
 2.91000000e+00  1.63641444e-01 
 2.92000000e+00  1.61483175e-01 
 2.93000000e+00  1.59344050e-01 
 2.94000000e+00  1.57223858e-01 
 2.95000000e+00  1.55122396e-01 
 2.96000000e+00  1.53039463e-01 
 2.97000000e+00  1.50974865e-01 
 2.98000000e+00  1.48928414e-01 
 2.99000000e+00  1.46899923e-01 
 3.00000000e+00  1.44889214e-01 
 3.01000000e+00  1.42896111e-01 
 3.02000000e+00  1.40920444e-01 
 3.03000000e+00  1.38962046e-01 
 3.04000000e+00  1.37020755e-01 
 3.05000000e+00  1.35096414e-01 
 3.06000000e+00  1.33188867e-01 
 3.07000000e+00  1.31297966e-01 
 3.08000000e+00  1.29423563e-01 
 3.09000000e+00  1.27565517e-01 
 3.10000000e+00  1.25723688e-01 
 3.11000000e+00  1.23897942e-01 
 3.12000000e+00  1.22088146e-01 
 3.13000000e+00  1.20294171e-01 
 3.14000000e+00  1.18515894e-01 
 3.15000000e+00  1.16753191e-01 
 3.16000000e+00  1.15005944e-01 
 3.17000000e+00  1.13274038e-01 
 3.18000000e+00  1.11557359e-01 
 3.19000000e+00  1.09855798e-01 
 3.20000000e+00  1.08169247e-01 
 3.21000000e+00  1.06497604e-01 
 3.22000000e+00  1.04840766e-01 
 3.23000000e+00  1.03198634e-01 
 3.24000000e+00  1.01571114e-01 
 3.25000000e+00  9.99581103e-02 
 3.26000000e+00  9.83595331e-02 
 3.27000000e+00  9.67752937e-02 
 3.28000000e+00  9.52053059e-02 
 3.29000000e+00  9.36494862e-02 
 3.30000000e+00  9.21077531e-02 
 3.31000000e+00  9.05800274e-02 
 3.32000000e+00  8.90662324e-02 
 3.33000000e+00  8.75662932e-02 
 3.34000000e+00  8.60801373e-02 
 3.35000000e+00  8.46076942e-02 
 3.36000000e+00  8.31488956e-02 
 3.37000000e+00  8.17036749e-02 
 3.38000000e+00  8.02719679e-02 
 3.39000000e+00  7.88537121e-02 
 3.40000000e+00  7.74488468e-02 
 3.41000000e+00  7.60573135e-02 
 3.42000000e+00  7.46790553e-02 
 3.43000000e+00  7.33140172e-02 
 3.44000000e+00  7.19621461e-02 
 3.45000000e+00  7.06233903e-02 
 3.46000000e+00  6.92977002e-02 
 3.47000000e+00  6.79850277e-02 
 3.48000000e+00  6.66853264e-02 
 3.49000000e+00  6.53985517e-02 
 3.50000000e+00  6.41246602e-02 
 3.51000000e+00  6.28636106e-02 
 3.52000000e+00  6.16153628e-02 
 3.53000000e+00  6.03798784e-02 
 3.54000000e+00  5.91571205e-02 
 3.55000000e+00  5.79470536e-02 
 3.56000000e+00  5.67496438e-02 
 3.57000000e+00  5.55648587e-02 
 3.58000000e+00  5.43926671e-02 
 3.59000000e+00  5.32330394e-02 
 3.60000000e+00  5.20859473e-02 
 3.61000000e+00  5.09513640e-02 
 3.62000000e+00  4.98292640e-02 
 3.63000000e+00  4.87196231e-02 
 3.64000000e+00  4.76224183e-02 
 3.65000000e+00  4.65376282e-02 
 3.66000000e+00  4.54652324e-02 
 3.67000000e+00  4.44052121e-02 
 3.68000000e+00  4.33575494e-02 
 3.69000000e+00  4.23222278e-02 
 3.70000000e+00  4.12992322e-02 
 3.71000000e+00  4.02885484e-02 
 3.72000000e+00  3.92901636e-02 
 3.73000000e+00  3.83040662e-02 
 3.74000000e+00  3.73302456e-02 
 3.75000000e+00  3.63686927e-02 
 3.76000000e+00  3.54193991e-02 
 3.77000000e+00  3.44823579e-02 
 3.78000000e+00  3.35575633e-02 
 3.79000000e+00  3.26450103e-02 
 3.80000000e+00  3.17446955e-02 
 3.81000000e+00  3.08566162e-02 
 3.82000000e+00  2.99807709e-02 
 3.83000000e+00  2.91171592e-02 
 3.84000000e+00  2.82657819e-02 
 3.85000000e+00  2.74266406e-02 
 3.86000000e+00  2.65997382e-02 
 3.87000000e+00  2.57850785e-02 
 3.88000000e+00  2.49826663e-02 
 3.89000000e+00  2.41925075e-02 
 3.90000000e+00  2.34146092e-02 
 3.91000000e+00  2.26489791e-02 
 3.92000000e+00  2.18956262e-02 
 3.93000000e+00  2.11545605e-02 
 3.94000000e+00  2.04257929e-02 
 3.95000000e+00  1.97093353e-02 
 3.96000000e+00  1.90052006e-02 
 3.97000000e+00  1.83134027e-02 
 3.98000000e+00  1.76339564e-02 
 3.99000000e+00  1.69668774e-02 
 4.00000000e+00  1.63121827e-02 
 4.01000000e+00  1.56698898e-02 
 4.02000000e+00  1.50400174e-02 
 4.03000000e+00  1.44225851e-02 
 4.04000000e+00  1.38176134e-02 
 4.05000000e+00  1.32251239e-02 
 4.06000000e+00  1.26451389e-02 
 4.07000000e+00  1.20776817e-02 
 4.08000000e+00  1.15227767e-02 
 4.09000000e+00  1.09804488e-02 
 4.10000000e+00  1.04507243e-02 
 4.11000000e+00  9.93363008e-03 
 4.12000000e+00  9.42919407e-03 
 4.13000000e+00  8.93744507e-03 
 4.14000000e+00  8.45841277e-03 
 4.15000000e+00  7.99212777e-03 
 4.16000000e+00  7.53862157e-03 
 4.17000000e+00  7.09792657e-03 
 4.18000000e+00  6.67007603e-03 
 4.19000000e+00  6.25510414e-03 
 4.20000000e+00  5.85304595e-03 
 4.21000000e+00  5.46393741e-03 
 4.22000000e+00  5.08781535e-03 
 4.23000000e+00  4.72471746e-03 
 4.24000000e+00  4.37468236e-03 
 4.25000000e+00  4.03774951e-03 
 4.26000000e+00  3.71395925e-03 
 4.27000000e+00  3.40335283e-03 
 4.28000000e+00  3.10597233e-03 
 4.29000000e+00  2.82186075e-03 
 4.30000000e+00  2.55106194e-03 
 4.31000000e+00  2.29362063e-03 
 4.32000000e+00  2.04958243e-03 
 4.33000000e+00  1.81899382e-03 
 4.34000000e+00  1.60190216e-03 
 4.35000000e+00  1.39835568e-03 
 4.36000000e+00  1.20840349e-03 
 4.37000000e+00  1.03209559e-03 
 4.38000000e+00  8.69482823e-04 
 4.39000000e+00  7.20616944e-04 
 4.40000000e+00  5.85550575e-04 
 4.41000000e+00  4.64337219e-04 
 4.42000000e+00  3.57031265e-04 
 4.43000000e+00  2.63687984e-04 
 4.44000000e+00  1.84363537e-04 
 4.45000000e+00  1.21722188e-04 
 4.46000000e+00  9.57028458e-05 
 4.47000000e+00  7.52451609e-05 
 4.48000000e+00  5.91600212e-05 
 4.49000000e+00  4.65132746e-05 
 4.50000000e+00  3.65700531e-05 
 4.51000000e+00  2.87524933e-05 
 4.52000000e+00  2.26062140e-05 
 4.53000000e+00  1.77739432e-05 
 4.54000000e+00  1.39747721e-05 
 4.55000000e+00  1.09878380e-05 
 4.56000000e+00  8.63949215e-06 
 4.57000000e+00  6.79320826e-06 
 4.58000000e+00  5.34164764e-06 
 4.59000000e+00  4.20041976e-06 
 4.60000000e+00  3.30317642e-06 
 4.61000000e+00  2.59775451e-06 
 4.62000000e+00  2.04314339e-06 
 4.63000000e+00  1.60710046e-06 
 4.64000000e+00  1.26427659e-06 
 4.65000000e+00  9.94742277e-07 
 4.66000000e+00  7.82828907e-07 
 4.67000000e+00  6.16217770e-07 
 4.68000000e+00  4.85223845e-07 
 4.69000000e+00  3.82232708e-07 
 4.70000000e+00  3.01257844e-07 
 4.71000000e+00  2.37592593e-07 
 4.72000000e+00  1.87536528e-07 
 4.73000000e+00  1.48180323e-07 
 4.74000000e+00  1.17236619e-07 
 4.75000000e+00  9.29070568e-08 
 4.76000000e+00  7.37777292e-08 
 4.77000000e+00  5.87369922e-08 
 4.78000000e+00  4.69108449e-08 
 4.79000000e+00  3.76121249e-08 
 4.80000000e+00  3.03005658e-08 
 4.81000000e+00  2.45513940e-08 
 4.82000000e+00  2.00306387e-08 
 4.83000000e+00  1.64757204e-08 
 4.84000000e+00  1.36801898e-08 
 4.85000000e+00  1.14817283e-08 
 4.86000000e+00  9.75271447e-09 
 4.87000000e+00  8.39280681e-09 
 4.88000000e+00  7.32311241e-09 
 4.89000000e+00  6.48160194e-09 
 4.90000000e+00  5.81950488e-09 
 4.91000000e+00  5.29847537e-09 
 4.92000000e+00  4.88836386e-09 
 4.93000000e+00  4.56546510e-09 
 4.94000000e+00  4.31114067e-09 
 4.95000000e+00  4.11073592e-09 
 4.96000000e+00  3.95272847e-09 
 4.97000000e+00  3.82805870e-09 
 4.98000000e+00  3.72960333e-09 
 4.99000000e+00  3.65176154e-09 
 5.00000000e+00  3.59012960e-09 
