 0.00000000e+00  4.99999999e+00 
 1.00000000e-02  4.99999999e+00 
 2.00000000e-02  4.99999999e+00 
 3.00000000e-02  4.99999998e+00 
 4.00000000e-02  4.99999998e+00 
 5.00000000e-02  4.99999997e+00 
 6.00000000e-02  4.99999997e+00 
 7.00000000e-02  4.99999996e+00 
 8.00000000e-02  4.99999995e+00 
 9.00000000e-02  4.99999993e+00 
 1.00000000e-01  4.99999991e+00 
 1.10000000e-01  4.99999988e+00 
 1.20000000e-01  4.99999985e+00 
 1.30000000e-01  4.99999981e+00 
 1.40000000e-01  4.99999975e+00 
 1.50000000e-01  4.99999968e+00 
 1.60000000e-01  4.99999958e+00 
 1.70000000e-01  4.99999946e+00 
 1.80000000e-01  4.99999930e+00 
 1.90000000e-01  4.99999909e+00 
 2.00000000e-01  4.99999882e+00 
 2.10000000e-01  4.99999847e+00 
 2.20000000e-01  4.99999801e+00 
 2.30000000e-01  4.99999743e+00 
 2.40000000e-01  4.99999666e+00 
 2.50000000e-01  4.99999568e+00 
 2.60000000e-01  4.99999440e+00 
 2.70000000e-01  4.99999274e+00 
 2.80000000e-01  4.99999058e+00 
 2.90000000e-01  4.99998779e+00 
 3.00000000e-01  4.99998418e+00 
 3.10000000e-01  4.99997949e+00 
 3.20000000e-01  4.99997341e+00 
 3.30000000e-01  4.99996553e+00 
 3.40000000e-01  4.99995531e+00 
 3.50000000e-01  4.99994206e+00 
 3.60000000e-01  4.99992489e+00 
 3.70000000e-01  4.99990262e+00 
 3.80000000e-01  4.99987376e+00 
 3.90000000e-01  4.99983634e+00 
 4.00000000e-01  4.99978782e+00 
 4.10000000e-01  4.99972492e+00 
 4.20000000e-01  4.99964337e+00 
 4.30000000e-01  4.99953691e+00 
 4.40000000e-01  4.99939608e+00 
 4.50000000e-01  4.99920112e+00 
 4.60000000e-01  4.99890936e+00 
 4.70000000e-01  4.99857333e+00 
 4.80000000e-01  4.99819186e+00 
 4.90000000e-01  4.99776567e+00 
 5.00000000e-01  4.99729499e+00 
 5.10000000e-01  4.99678002e+00 
 5.20000000e-01  4.99622093e+00 
 5.30000000e-01  4.99561792e+00 
 5.40000000e-01  4.99497118e+00 
 5.50000000e-01  4.99428088e+00 
 5.60000000e-01  4.99354720e+00 
 5.70000000e-01  4.99277029e+00 
 5.80000000e-01  4.99195034e+00 
 5.90000000e-01  4.99108748e+00 
 6.00000000e-01  4.99018187e+00 
 6.10000000e-01  4.98923365e+00 
 6.20000000e-01  4.98824296e+00 
 6.30000000e-01  4.98720991e+00 
 6.40000000e-01  4.98613463e+00 
 6.50000000e-01  4.98501724e+00 
 6.60000000e-01  4.98385783e+00 
 6.70000000e-01  4.98265652e+00 
 6.80000000e-01  4.98141338e+00 
 6.90000000e-01  4.98012852e+00 
 7.00000000e-01  4.97880200e+00 
 7.10000000e-01  4.97743389e+00 
 7.20000000e-01  4.97602428e+00 
 7.30000000e-01  4.97457320e+00 
 7.40000000e-01  4.97308071e+00 
 7.50000000e-01  4.97154686e+00 
 7.60000000e-01  4.96997168e+00 
 7.70000000e-01  4.96835521e+00 
 7.80000000e-01  4.96669746e+00 
 7.90000000e-01  4.96499845e+00 
 8.00000000e-01  4.96325819e+00 
 8.10000000e-01  4.96147668e+00 
 8.20000000e-01  4.95965392e+00 
 8.30000000e-01  4.95778989e+00 
 8.40000000e-01  4.95588458e+00 
 8.50000000e-01  4.95393795e+00 
 8.60000000e-01  4.95194997e+00 
 8.70000000e-01  4.94992061e+00 
 8.80000000e-01  4.94784980e+00 
 8.90000000e-01  4.94573750e+00 
 9.00000000e-01  4.94358364e+00 
 9.10000000e-01  4.94138815e+00 
 9.20000000e-01  4.93915095e+00 
 9.30000000e-01  4.93687195e+00 
 9.40000000e-01  4.93455105e+00 
 9.50000000e-01  4.93218816e+00 
 9.60000000e-01  4.92978316e+00 
 9.70000000e-01  4.92733593e+00 
 9.80000000e-01  4.92484635e+00 
 9.90000000e-01  4.92231427e+00 
 1.00000000e+00  4.91973956e+00 
 1.01000000e+00  4.91712207e+00 
 1.02000000e+00  4.91446162e+00 
 1.03000000e+00  4.91175804e+00 
 1.04000000e+00  4.90901117e+00 
 1.05000000e+00  4.90622081e+00 
 1.06000000e+00  4.90338676e+00 
 1.07000000e+00  4.90050881e+00 
 1.08000000e+00  4.89758675e+00 
 1.09000000e+00  4.89462034e+00 
 1.10000000e+00  4.89160936e+00 
 1.11000000e+00  4.88855354e+00 
 1.12000000e+00  4.88545265e+00 
 1.13000000e+00  4.88230640e+00 
 1.14000000e+00  4.87911451e+00 
 1.15000000e+00  4.87587670e+00 
 1.16000000e+00  4.87259266e+00 
 1.17000000e+00  4.86926207e+00 
 1.18000000e+00  4.86588462e+00 
 1.19000000e+00  4.86245996e+00 
 1.20000000e+00  4.85898774e+00 
 1.21000000e+00  4.85546761e+00 
 1.22000000e+00  4.85189917e+00 
 1.23000000e+00  4.84828204e+00 
 1.24000000e+00  4.84461582e+00 
 1.25000000e+00  4.84090008e+00 
 1.26000000e+00  4.83713440e+00 
 1.27000000e+00  4.83331833e+00 
 1.28000000e+00  4.82945139e+00 
 1.29000000e+00  4.82553312e+00 
 1.30000000e+00  4.82156302e+00 
 1.31000000e+00  4.81754057e+00 
 1.32000000e+00  4.81346524e+00 
 1.33000000e+00  4.80933649e+00 
 1.34000000e+00  4.80515374e+00 
 1.35000000e+00  4.80091642e+00 
 1.36000000e+00  4.79662391e+00 
 1.37000000e+00  4.79227560e+00 
 1.38000000e+00  4.78787084e+00 
 1.39000000e+00  4.78340895e+00 
 1.40000000e+00  4.77888924e+00 
 1.41000000e+00  4.77431102e+00 
 1.42000000e+00  4.76967353e+00 
 1.43000000e+00  4.76497601e+00 
 1.44000000e+00  4.76021768e+00 
 1.45000000e+00  4.75539772e+00 
 1.46000000e+00  4.75051529e+00 
 1.47000000e+00  4.74556952e+00 
 1.48000000e+00  4.74055951e+00 
 1.49000000e+00  4.73548432e+00 
 1.50000000e+00  4.73034300e+00 
 1.51000000e+00  4.72513455e+00 
 1.52000000e+00  4.71985793e+00 
 1.53000000e+00  4.71451208e+00 
 1.54000000e+00  4.70909590e+00 
 1.55000000e+00  4.70360824e+00 
 1.56000000e+00  4.69804791e+00 
 1.57000000e+00  4.69241369e+00 
 1.58000000e+00  4.68670431e+00 
 1.59000000e+00  4.68091844e+00 
 1.60000000e+00  4.67505473e+00 
 1.61000000e+00  4.66911175e+00 
 1.62000000e+00  4.66308804e+00 
 1.63000000e+00  4.65698206e+00 
 1.64000000e+00  4.65079224e+00 
 1.65000000e+00  4.64451693e+00 
 1.66000000e+00  4.63815443e+00 
 1.67000000e+00  4.63170295e+00 
 1.68000000e+00  4.62516066e+00 
 1.69000000e+00  4.61852562e+00 
 1.70000000e+00  4.61179585e+00 
 1.71000000e+00  4.60496926e+00 
 1.72000000e+00  4.59804368e+00 
 1.73000000e+00  4.59101687e+00 
 1.74000000e+00  4.58388646e+00 
 1.75000000e+00  4.57665000e+00 
 1.76000000e+00  4.56930493e+00 
 1.77000000e+00  4.56184856e+00 
 1.78000000e+00  4.55427811e+00 
 1.79000000e+00  4.54659065e+00 
 1.80000000e+00  4.53878311e+00 
 1.81000000e+00  4.53085229e+00 
 1.82000000e+00  4.52279484e+00 
 1.83000000e+00  4.51460722e+00 
 1.84000000e+00  4.50628576e+00 
 1.85000000e+00  4.49782655e+00 
 1.86000000e+00  4.48922553e+00 
 1.87000000e+00  4.48047840e+00 
 1.88000000e+00  4.47158064e+00 
 1.89000000e+00  4.46252749e+00 
 1.90000000e+00  4.45331392e+00 
 1.91000000e+00  4.44393461e+00 
 1.92000000e+00  4.43438396e+00 
 1.93000000e+00  4.42465602e+00 
 1.94000000e+00  4.41474450e+00 
 1.95000000e+00  4.40464270e+00 
 1.96000000e+00  4.39434353e+00 
 1.97000000e+00  4.38383943e+00 
 1.98000000e+00  4.37312234e+00 
 1.99000000e+00  4.36218368e+00 
 2.00000000e+00  4.35101425e+00 
 2.01000000e+00  4.33960422e+00 
 2.02000000e+00  4.32794304e+00 
 2.03000000e+00  4.31601937e+00 
 2.04000000e+00  4.30382100e+00 
 2.05000000e+00  4.29133475e+00 
 2.06000000e+00  4.27854636e+00 
 2.07000000e+00  4.26544038e+00 
 2.08000000e+00  4.25200001e+00 
 2.09000000e+00  4.23820693e+00 
 2.10000000e+00  4.22404112e+00 
 2.11000000e+00  4.20948062e+00 
 2.12000000e+00  4.19450125e+00 
 2.13000000e+00  4.17907633e+00 
 2.14000000e+00  4.16317623e+00 
 2.15000000e+00  4.14676799e+00 
 2.16000000e+00  4.12981470e+00 
 2.17000000e+00  4.11227483e+00 
 2.18000000e+00  4.09410143e+00 
 2.19000000e+00  4.07524101e+00 
 2.20000000e+00  4.05563228e+00 
 2.21000000e+00  4.03520442e+00 
 2.22000000e+00  4.01387488e+00 
 2.23000000e+00  3.99154654e+00 
 2.24000000e+00  3.96810375e+00 
 2.25000000e+00  3.94340712e+00 
 2.26000000e+00  3.91728599e+00 
 2.27000000e+00  3.88952780e+00 
 2.28000000e+00  3.85986206e+00 
 2.29000000e+00  3.82793569e+00 
 2.30000000e+00  3.79327278e+00 
 2.31000000e+00  3.75520534e+00 
 2.32000000e+00  3.71274379e+00 
 2.33000000e+00  3.66430865e+00 
 2.34000000e+00  3.60708381e+00 
 2.35000000e+00  3.53504197e+00 
 2.36000000e+00  3.42601707e+00 
 2.37000000e+00  2.89250185e+00 
 2.38000000e+00  2.17711702e+00 
 2.39000000e+00  1.63496703e+00 
 2.40000000e+00  1.38861948e+00 
 2.41000000e+00  1.29705566e+00 
 2.42000000e+00  1.23109841e+00 
 2.43000000e+00  1.17988724e+00 
 2.44000000e+00  1.13597549e+00 
 2.45000000e+00  1.09725838e+00 
 2.46000000e+00  1.06253422e+00 
 2.47000000e+00  1.03093454e+00 
 2.48000000e+00  1.00185938e+00 
 2.49000000e+00  9.74877527e-01 
 2.50000000e+00  9.49666475e-01 
 2.51000000e+00  9.25977777e-01 
 2.52000000e+00  9.03615328e-01 
 2.53000000e+00  8.82421194e-01 
 2.54000000e+00  8.62266003e-01 
 2.55000000e+00  8.43042232e-01 
 2.56000000e+00  8.24659389e-01 
 2.57000000e+00  8.07040483e-01 
 2.58000000e+00  7.90119376e-01 
 2.59000000e+00  7.73838764e-01 
 2.60000000e+00  7.58148627e-01 
 2.61000000e+00  7.43004993e-01 
 2.62000000e+00  7.28368979e-01 
 2.63000000e+00  7.14205999e-01 
 2.64000000e+00  7.00485142e-01 
 2.65000000e+00  6.87178642e-01 
 2.66000000e+00  6.74261461e-01 
 2.67000000e+00  6.61710924e-01 
 2.68000000e+00  6.49506425e-01 
 2.69000000e+00  6.37629173e-01 
 2.70000000e+00  6.26061980e-01 
 2.71000000e+00  6.14789074e-01 
 2.72000000e+00  6.03795948e-01 
 2.73000000e+00  5.93069220e-01 
 2.74000000e+00  5.82596519e-01 
 2.75000000e+00  5.72366380e-01 
 2.76000000e+00  5.62368156e-01 
 2.77000000e+00  5.52591941e-01 
 2.78000000e+00  5.43028499e-01 
 2.79000000e+00  5.33669205e-01 
 2.80000000e+00  5.24505990e-01 
 2.81000000e+00  5.15531292e-01 
 2.82000000e+00  5.06738013e-01 
 2.83000000e+00  4.98119486e-01 
 2.84000000e+00  4.89669431e-01 
 2.85000000e+00  4.81381934e-01 
 2.86000000e+00  4.73251412e-01 
 2.87000000e+00  4.65272591e-01 
 2.88000000e+00  4.57440484e-01 
 2.89000000e+00  4.49750366e-01 
 2.90000000e+00  4.42197762e-01 
 2.91000000e+00  4.34778422e-01 
 2.92000000e+00  4.27488313e-01 
 2.93000000e+00  4.20323599e-01 
 2.94000000e+00  4.13280631e-01 
 2.95000000e+00  4.06355934e-01 
 2.96000000e+00  3.99546196e-01 
 2.97000000e+00  3.92848256e-01 
 2.98000000e+00  3.86259100e-01 
 2.99000000e+00  3.79775846e-01 
 3.00000000e+00  3.73395741e-01 
 3.01000000e+00  3.67116149e-01 
 3.02000000e+00  3.60934550e-01 
 3.03000000e+00  3.54848527e-01 
 3.04000000e+00  3.48855765e-01 
 3.05000000e+00  3.42954044e-01 
 3.06000000e+00  3.37141235e-01 
 3.07000000e+00  3.31415291e-01 
 3.08000000e+00  3.25774248e-01 
 3.09000000e+00  3.20216218e-01 
 3.10000000e+00  3.14739386e-01 
 3.11000000e+00  3.09342006e-01 
 3.12000000e+00  3.04022395e-01 
 3.13000000e+00  2.98778937e-01 
 3.14000000e+00  2.93610071e-01 
 3.15000000e+00  2.88514295e-01 
 3.16000000e+00  2.83490162e-01 
 3.17000000e+00  2.78536274e-01 
 3.18000000e+00  2.73651282e-01 
 3.19000000e+00  2.68833887e-01 
 3.20000000e+00  2.64082832e-01 
 3.21000000e+00  2.59396904e-01 
 3.22000000e+00  2.54774932e-01 
 3.23000000e+00  2.50215781e-01 
 3.24000000e+00  2.45718358e-01 
 3.25000000e+00  2.41281603e-01 
 3.26000000e+00  2.36904492e-01 
 3.27000000e+00  2.32586034e-01 
 3.28000000e+00  2.28325269e-01 
 3.29000000e+00  2.24121268e-01 
 3.30000000e+00  2.19973133e-01 
 3.31000000e+00  2.15879993e-01 
 3.32000000e+00  2.11841003e-01 
 3.33000000e+00  2.07855346e-01 
 3.34000000e+00  2.03922230e-01 
 3.35000000e+00  2.00040886e-01 
 3.36000000e+00  1.96210570e-01 
 3.37000000e+00  1.92430559e-01 
 3.38000000e+00  1.88700153e-01 
 3.39000000e+00  1.85018672e-01 
 3.40000000e+00  1.81385457e-01 
 3.41000000e+00  1.77799868e-01 
 3.42000000e+00  1.74261284e-01 
 3.43000000e+00  1.70769103e-01 
 3.44000000e+00  1.67322739e-01 
 3.45000000e+00  1.63921624e-01 
 3.46000000e+00  1.60565207e-01 
 3.47000000e+00  1.57252952e-01 
 3.48000000e+00  1.53984339e-01 
 3.49000000e+00  1.50758863e-01 
 3.50000000e+00  1.47576033e-01 
 3.51000000e+00  1.44435372e-01 
 3.52000000e+00  1.41336418e-01 
 3.53000000e+00  1.38278720e-01 
 3.54000000e+00  1.35261841e-01 
 3.55000000e+00  1.32285356e-01 
 3.56000000e+00  1.29348854e-01 
 3.57000000e+00  1.26451933e-01 
 3.58000000e+00  1.23594204e-01 
 3.59000000e+00  1.20775287e-01 
 3.60000000e+00  1.17994817e-01 
 3.61000000e+00  1.15252434e-01 
 3.62000000e+00  1.12547793e-01 
 3.63000000e+00  1.09880555e-01 
 3.64000000e+00  1.07250394e-01 
 3.65000000e+00  1.04656991e-01 
 3.66000000e+00  1.02100037e-01 
 3.67000000e+00  9.95792317e-02 
 3.68000000e+00  9.70942837e-02 
 3.69000000e+00  9.46449097e-02 
 3.70000000e+00  9.22308350e-02 
 3.71000000e+00  8.98517926e-02 
 3.72000000e+00  8.75075235e-02 
 3.73000000e+00  8.51977764e-02 
 3.74000000e+00  8.29223072e-02 
 3.75000000e+00  8.06808792e-02 
 3.76000000e+00  7.84732631e-02 
 3.77000000e+00  7.62992360e-02 
 3.78000000e+00  7.41585823e-02 
 3.79000000e+00  7.20510927e-02 
 3.80000000e+00  6.99765646e-02 
 3.81000000e+00  6.79348015e-02 
 3.82000000e+00  6.59256135e-02 
 3.83000000e+00  6.39488164e-02 
 3.84000000e+00  6.20042322e-02 
 3.85000000e+00  6.00916885e-02 
 3.86000000e+00  5.82110187e-02 
 3.87000000e+00  5.63620620e-02 
 3.88000000e+00  5.45446628e-02 
 3.89000000e+00  5.27586710e-02 
 3.90000000e+00  5.10039417e-02 
 3.91000000e+00  4.92803353e-02 
 3.92000000e+00  4.75877170e-02 
 3.93000000e+00  4.59259573e-02 
 3.94000000e+00  4.42949314e-02 
 3.95000000e+00  4.26945192e-02 
 3.96000000e+00  4.11246056e-02 
 3.97000000e+00  3.95850799e-02 
 3.98000000e+00  3.80758360e-02 
 3.99000000e+00  3.65967722e-02 
 4.00000000e+00  3.51477913e-02 
 4.01000000e+00  3.37288005e-02 
 4.02000000e+00  3.23397110e-02 
 4.03000000e+00  3.09804384e-02 
 4.04000000e+00  2.96509022e-02 
 4.05000000e+00  2.83510263e-02 
 4.06000000e+00  2.70807382e-02 
 4.07000000e+00  2.58399696e-02 
 4.08000000e+00  2.46286559e-02 
 4.09000000e+00  2.34467366e-02 
 4.10000000e+00  2.22941546e-02 
 4.11000000e+00  2.11708567e-02 
 4.12000000e+00  2.00767934e-02 
 4.13000000e+00  1.90119188e-02 
 4.14000000e+00  1.79761904e-02 
 4.15000000e+00  1.69695695e-02 
 4.16000000e+00  1.59920206e-02 
 4.17000000e+00  1.50435119e-02 
 4.18000000e+00  1.41240147e-02 
 4.19000000e+00  1.32335039e-02 
 4.20000000e+00  1.23719576e-02 
 4.21000000e+00  1.15393572e-02 
 4.22000000e+00  1.07356874e-02 
 4.23000000e+00  9.96093601e-03 
 4.24000000e+00  9.21509402e-03 
 4.25000000e+00  8.49815564e-03 
 4.26000000e+00  7.81011814e-03 
 4.27000000e+00  7.15098189e-03 
 4.28000000e+00  6.52075030e-03 
 4.29000000e+00  5.91942982e-03 
 4.30000000e+00  5.34702989e-03 
 4.31000000e+00  4.80356293e-03 
 4.32000000e+00  4.28904431e-03 
 4.33000000e+00  3.80349232e-03 
 4.34000000e+00  3.34692817e-03 
 4.35000000e+00  2.91937595e-03 
 4.36000000e+00  2.52086261e-03 
 4.37000000e+00  2.15141795e-03 
 4.38000000e+00  1.81107461e-03 
 4.39000000e+00  1.49986802e-03 
 4.40000000e+00  1.21783642e-03 
 4.41000000e+00  9.65020840e-04 
 4.42000000e+00  7.41465057e-04 
 4.43000000e+00  5.47215618e-04 
 4.44000000e+00  3.82321811e-04 
 4.45000000e+00  2.52238680e-04 
 4.46000000e+00  1.98179784e-04 
 4.47000000e+00  1.55707658e-04 
 4.48000000e+00  1.22336386e-04 
 4.49000000e+00  9.61170972e-05 
 4.50000000e+00  7.55172015e-05 
 4.51000000e+00  5.93324365e-05 
 4.52000000e+00  4.66165668e-05 
 4.53000000e+00  3.66261216e-05 
 4.54000000e+00  2.87769585e-05 
 4.55000000e+00  2.26101266e-05 
 4.56000000e+00  1.77650406e-05 
 4.57000000e+00  1.39584003e-05 
 4.58000000e+00  1.09676280e-05 
 4.59000000e+00  8.61785309e-06 
 4.60000000e+00  6.77168726e-06 
 4.61000000e+00  5.32119033e-06 
 4.62000000e+00  4.18155820e-06 
 4.63000000e+00  3.28616374e-06 
 4.64000000e+00  2.58266059e-06 
 4.65000000e+00  2.02992213e-06 
 4.66000000e+00  1.59563658e-06 
 4.67000000e+00  1.25441757e-06 
 4.68000000e+00  9.86319775e-07 
 4.69000000e+00  7.75672623e-07 
 4.70000000e+00  6.10164106e-07 
 4.71000000e+00  4.80120905e-07 
 4.72000000e+00  3.77942840e-07 
 4.73000000e+00  2.97658540e-07 
 4.74000000e+00  2.34576347e-07 
 4.75000000e+00  1.85010050e-07 
 4.76000000e+00  1.46063397e-07 
 4.77000000e+00  1.15460796e-07 
 4.78000000e+00  9.14143022e-08 
 4.79000000e+00  7.25191115e-08 
 4.80000000e+00  5.76714507e-08 
 4.81000000e+00  4.60040679e-08 
 4.82000000e+00  3.68355460e-08 
 4.83000000e+00  2.96304800e-08 
 4.84000000e+00  2.39681881e-08 
 4.85000000e+00  1.95181278e-08 
 4.86000000e+00  1.60205809e-08 
 4.87000000e+00  1.32714774e-08 
 4.88000000e+00  1.11104711e-08 
 4.89000000e+00  9.41157100e-09 
 4.90000000e+00  8.07578021e-09 
 4.91000000e+00  7.02531175e-09 
 4.92000000e+00  6.19904427e-09 
 4.93000000e+00  5.54895120e-09 
 4.94000000e+00  5.03729517e-09 
 4.95000000e+00  4.63442353e-09 
 4.96000000e+00  4.31703616e-09 
 4.97000000e+00  4.06682455e-09 
 4.98000000e+00  3.86940231e-09 
 4.99000000e+00  3.71346494e-09 
 5.00000000e+00  3.59012960e-09 
