 0.00000000e+00  4.99999998e+00 
 1.00000000e-02  4.99999997e+00 
 2.00000000e-02  4.99999996e+00 
 3.00000000e-02  4.99999995e+00 
 4.00000000e-02  4.99999994e+00 
 5.00000000e-02  4.99999992e+00 
 6.00000000e-02  4.99999990e+00 
 7.00000000e-02  4.99999987e+00 
 8.00000000e-02  4.99999983e+00 
 9.00000000e-02  4.99999978e+00 
 1.00000000e-01  4.99999972e+00 
 1.10000000e-01  4.99999963e+00 
 1.20000000e-01  4.99999953e+00 
 1.30000000e-01  4.99999939e+00 
 1.40000000e-01  4.99999921e+00 
 1.50000000e-01  4.99999898e+00 
 1.60000000e-01  4.99999867e+00 
 1.70000000e-01  4.99999828e+00 
 1.80000000e-01  4.99999778e+00 
 1.90000000e-01  4.99999712e+00 
 2.00000000e-01  4.99999627e+00 
 2.10000000e-01  4.99999516e+00 
 2.20000000e-01  4.99999373e+00 
 2.30000000e-01  4.99999188e+00 
 2.40000000e-01  4.99998948e+00 
 2.50000000e-01  4.99998637e+00 
 2.60000000e-01  4.99998233e+00 
 2.70000000e-01  4.99997710e+00 
 2.80000000e-01  4.99997033e+00 
 2.90000000e-01  4.99996155e+00 
 3.00000000e-01  4.99995017e+00 
 3.10000000e-01  4.99993543e+00 
 3.20000000e-01  4.99991632e+00 
 3.30000000e-01  4.99989156e+00 
 3.40000000e-01  4.99985949e+00 
 3.50000000e-01  4.99981794e+00 
 3.60000000e-01  4.99976411e+00 
 3.70000000e-01  4.99969440e+00 
 3.80000000e-01  4.99960412e+00 
 3.90000000e-01  4.99948725e+00 
 4.00000000e-01  4.99933601e+00 
 4.10000000e-01  4.99914037e+00 
 4.20000000e-01  4.99888744e+00 
 4.30000000e-01  4.99854836e+00 
 4.40000000e-01  4.99772326e+00 
 4.50000000e-01  4.99671878e+00 
 4.60000000e-01  4.99553832e+00 
 4.70000000e-01  4.99418555e+00 
 4.80000000e-01  4.99266405e+00 
 4.90000000e-01  4.99097728e+00 
 5.00000000e-01  4.98912856e+00 
 5.10000000e-01  4.98712103e+00 
 5.20000000e-01  4.98495770e+00 
 5.30000000e-01  4.98264140e+00 
 5.40000000e-01  4.98017481e+00 
 5.50000000e-01  4.97756046e+00 
 5.60000000e-01  4.97480074e+00 
 5.70000000e-01  4.97189789e+00 
 5.80000000e-01  4.96885403e+00 
 5.90000000e-01  4.96567115e+00 
 6.00000000e-01  4.96235111e+00 
 6.10000000e-01  4.95889567e+00 
 6.20000000e-01  4.95530646e+00 
 6.30000000e-01  4.95158502e+00 
 6.40000000e-01  4.94773277e+00 
 6.50000000e-01  4.94375106e+00 
 6.60000000e-01  4.93964110e+00 
 6.70000000e-01  4.93540404e+00 
 6.80000000e-01  4.93104095e+00 
 6.90000000e-01  4.92655278e+00 
 7.00000000e-01  4.92194042e+00 
 7.10000000e-01  4.91720468e+00 
 7.20000000e-01  4.91234627e+00 
 7.30000000e-01  4.90736585e+00 
 7.40000000e-01  4.90226399e+00 
 7.50000000e-01  4.89704118e+00 
 7.60000000e-01  4.89169785e+00 
 7.70000000e-01  4.88623435e+00 
 7.80000000e-01  4.88065097e+00 
 7.90000000e-01  4.87494793e+00 
 8.00000000e-01  4.86912536e+00 
 8.10000000e-01  4.86318335e+00 
 8.20000000e-01  4.85712191e+00 
 8.30000000e-01  4.85094099e+00 
 8.40000000e-01  4.84464046e+00 
 8.50000000e-01  4.83822013e+00 
 8.60000000e-01  4.83167976e+00 
 8.70000000e-01  4.82501902e+00 
 8.80000000e-01  4.81823752e+00 
 8.90000000e-01  4.81133481e+00 
 9.00000000e-01  4.80431036e+00 
 9.10000000e-01  4.79716358e+00 
 9.20000000e-01  4.78989381e+00 
 9.30000000e-01  4.78250031e+00 
 9.40000000e-01  4.77498229e+00 
 9.50000000e-01  4.76733886e+00 
 9.60000000e-01  4.75956907e+00 
 9.70000000e-01  4.75167190e+00 
 9.80000000e-01  4.74364624e+00 
 9.90000000e-01  4.73549090e+00 
 1.00000000e+00  4.72720461e+00 
 1.01000000e+00  4.71878603e+00 
 1.02000000e+00  4.71023371e+00 
 1.03000000e+00  4.70154613e+00 
 1.04000000e+00  4.69272166e+00 
 1.05000000e+00  4.68375859e+00 
 1.06000000e+00  4.67465510e+00 
 1.07000000e+00  4.66540927e+00 
 1.08000000e+00  4.65601907e+00 
 1.09000000e+00  4.64648236e+00 
 1.10000000e+00  4.63679689e+00 
 1.11000000e+00  4.62696028e+00 
 1.12000000e+00  4.61697002e+00 
 1.13000000e+00  4.60682347e+00 
 1.14000000e+00  4.59651786e+00 
 1.15000000e+00  4.58605026e+00 
 1.16000000e+00  4.57541760e+00 
 1.17000000e+00  4.56461662e+00 
 1.18000000e+00  4.55364392e+00 
 1.19000000e+00  4.54249590e+00 
 1.20000000e+00  4.53116878e+00 
 1.21000000e+00  4.51965857e+00 
 1.22000000e+00  4.50796107e+00 
 1.23000000e+00  4.49607185e+00 
 1.24000000e+00  4.48398624e+00 
 1.25000000e+00  4.47169930e+00 
 1.26000000e+00  4.45920585e+00 
 1.27000000e+00  4.44650038e+00 
 1.28000000e+00  4.43357707e+00 
 1.29000000e+00  4.42042980e+00 
 1.30000000e+00  4.40705204e+00 
 1.31000000e+00  4.39343692e+00 
 1.32000000e+00  4.37957711e+00 
 1.33000000e+00  4.36546486e+00 
 1.34000000e+00  4.35109193e+00 
 1.35000000e+00  4.33644955e+00 
 1.36000000e+00  4.32152837e+00 
 1.37000000e+00  4.30631845e+00 
 1.38000000e+00  4.29080914e+00 
 1.39000000e+00  4.27498909e+00 
 1.40000000e+00  4.25884610e+00 
 1.41000000e+00  4.24236714e+00 
 1.42000000e+00  4.22553815e+00 
 1.43000000e+00  4.20834405e+00 
 1.44000000e+00  4.19076854e+00 
 1.45000000e+00  4.17279401e+00 
 1.46000000e+00  4.15440141e+00 
 1.47000000e+00  4.13557003e+00 
 1.48000000e+00  4.11627733e+00 
 1.49000000e+00  4.09649871e+00 
 1.50000000e+00  4.07620725e+00 
 1.51000000e+00  4.05537339e+00 
 1.52000000e+00  4.03396452e+00 
 1.53000000e+00  4.01194462e+00 
 1.54000000e+00  3.98927366e+00 
 1.55000000e+00  3.96590699e+00 
 1.56000000e+00  3.94179458e+00 
 1.57000000e+00  3.91688007e+00 
 1.58000000e+00  3.89109957e+00 
 1.59000000e+00  3.86438024e+00 
 1.60000000e+00  3.83663840e+00 
 1.61000000e+00  3.80777717e+00 
 1.62000000e+00  3.77768340e+00 
 1.63000000e+00  3.74622353e+00 
 1.64000000e+00  3.71323812e+00 
 1.65000000e+00  3.67853427e+00 
 1.66000000e+00  3.64187491e+00 
 1.67000000e+00  3.60296325e+00 
 1.68000000e+00  3.56141948e+00 
 1.69000000e+00  3.51674418e+00 
 1.70000000e+00  3.46825809e+00 
 1.71000000e+00  3.41499629e+00 
 1.72000000e+00  3.35550602e+00 
 1.73000000e+00  3.28741364e+00 
 1.74000000e+00  3.20632871e+00 
 1.75000000e+00  3.10220783e+00 
 1.76000000e+00  2.92721189e+00 
 1.77000000e+00  2.33652462e+00 
 1.78000000e+00  1.77142949e+00 
 1.79000000e+00  1.31718782e+00 
 1.80000000e+00  1.02896832e+00 
 1.81000000e+00  9.31943332e-01 
 1.82000000e+00  8.79989433e-01 
 1.83000000e+00  8.40696353e-01 
 1.84000000e+00  8.08981298e-01 
 1.85000000e+00  7.81667741e-01 
 1.86000000e+00  7.57547914e-01 
 1.87000000e+00  7.35882796e-01 
 1.88000000e+00  7.16161347e-01 
 1.89000000e+00  6.98024322e-01 
 1.90000000e+00  6.81208841e-01 
 1.91000000e+00  6.65515836e-01 
 1.92000000e+00  6.50790411e-01 
 1.93000000e+00  6.36909318e-01 
 1.94000000e+00  6.23772651e-01 
 1.95000000e+00  6.11298128e-01 
 1.96000000e+00  5.99417060e-01 
 1.97000000e+00  5.88071430e-01 
 1.98000000e+00  5.77211724e-01 
 1.99000000e+00  5.66795301e-01 
 2.00000000e+00  5.56785143e-01 
 2.01000000e+00  5.47148879e-01 
 2.02000000e+00  5.37858018e-01 
 2.03000000e+00  5.28887336e-01 
 2.04000000e+00  5.20214382e-01 
 2.05000000e+00  5.11819077e-01 
 2.06000000e+00  5.03683377e-01 
 2.07000000e+00  4.95791010e-01 
 2.08000000e+00  4.88127235e-01 
 2.09000000e+00  4.80678661e-01 
 2.10000000e+00  4.73433077e-01 
 2.11000000e+00  4.66379317e-01 
 2.12000000e+00  4.59507141e-01 
 2.13000000e+00  4.52807132e-01 
 2.14000000e+00  4.46270612e-01 
 2.15000000e+00  4.39889561e-01 
 2.16000000e+00  4.33656553e-01 
 2.17000000e+00  4.27564700e-01 
 2.18000000e+00  4.21607595e-01 
 2.19000000e+00  4.15779272e-01 
 2.20000000e+00  4.10074164e-01 
 2.21000000e+00  4.04487069e-01 
 2.22000000e+00  3.99013117e-01 
 2.23000000e+00  3.93647743e-01 
 2.24000000e+00  3.88386659e-01 
 2.25000000e+00  3.83225839e-01 
 2.26000000e+00  3.78161488e-01 
 2.27000000e+00  3.73190032e-01 
 2.28000000e+00  3.68308099e-01 
 2.29000000e+00  3.63512502e-01 
 2.30000000e+00  3.58800229e-01 
 2.31000000e+00  3.54168428e-01 
 2.32000000e+00  3.49614395e-01 
 2.33000000e+00  3.45135568e-01 
 2.34000000e+00  3.40729512e-01 
 2.35000000e+00  3.36393916e-01 
 2.36000000e+00  3.32126578e-01 
 2.37000000e+00  3.27925407e-01 
 2.38000000e+00  3.23788409e-01 
 2.39000000e+00  3.19713681e-01 
 2.40000000e+00  3.15699412e-01 
 2.41000000e+00  3.11743870e-01 
 2.42000000e+00  3.07845401e-01 
 2.43000000e+00  3.04002425e-01 
 2.44000000e+00  3.00213428e-01 
 2.45000000e+00  2.96476965e-01 
 2.46000000e+00  2.92791648e-01 
 2.47000000e+00  2.89156150e-01 
 2.48000000e+00  2.85569196e-01 
 2.49000000e+00  2.82029566e-01 
 2.50000000e+00  2.78536087e-01 
 2.51000000e+00  2.75087632e-01 
 2.52000000e+00  2.71683121e-01 
 2.53000000e+00  2.68321512e-01 
 2.54000000e+00  2.65001806e-01 
 2.55000000e+00  2.61723040e-01 
 2.56000000e+00  2.58484290e-01 
 2.57000000e+00  2.55284662e-01 
 2.58000000e+00  2.52123299e-01 
 2.59000000e+00  2.48999371e-01 
 2.60000000e+00  2.45912082e-01 
 2.61000000e+00  2.42860661e-01 
 2.62000000e+00  2.39844365e-01 
 2.63000000e+00  2.36862479e-01 
 2.64000000e+00  2.33914311e-01 
 2.65000000e+00  2.30999191e-01 
 2.66000000e+00  2.28116475e-01 
 2.67000000e+00  2.25265538e-01 
 2.68000000e+00  2.22445778e-01 
 2.69000000e+00  2.19656612e-01 
 2.70000000e+00  2.16897475e-01 
 2.71000000e+00  2.14167822e-01 
 2.72000000e+00  2.11467125e-01 
 2.73000000e+00  2.08794872e-01 
 2.74000000e+00  2.06150568e-01 
 2.75000000e+00  2.03533735e-01 
 2.76000000e+00  2.00943908e-01 
 2.77000000e+00  1.98380636e-01 
 2.78000000e+00  1.95843484e-01 
 2.79000000e+00  1.93332029e-01 
 2.80000000e+00  1.90845862e-01 
 2.81000000e+00  1.88384583e-01 
 2.82000000e+00  1.85947809e-01 
 2.83000000e+00  1.83535164e-01 
 2.84000000e+00  1.81146287e-01 
 2.85000000e+00  1.78780824e-01 
 2.86000000e+00  1.76438434e-01 
 2.87000000e+00  1.74118785e-01 
 2.88000000e+00  1.71821554e-01 
 2.89000000e+00  1.69546429e-01 
 2.90000000e+00  1.67293106e-01 
 2.91000000e+00  1.65061288e-01 
 2.92000000e+00  1.62850690e-01 
 2.93000000e+00  1.60661032e-01 
 2.94000000e+00  1.58492044e-01 
 2.95000000e+00  1.56343462e-01 
 2.96000000e+00  1.54215031e-01 
 2.97000000e+00  1.52106501e-01 
 2.98000000e+00  1.50017630e-01 
 2.99000000e+00  1.47948185e-01 
 3.00000000e+00  1.45897935e-01 
 3.01000000e+00  1.43866659e-01 
 3.02000000e+00  1.41854140e-01 
 3.03000000e+00  1.39860168e-01 
 3.04000000e+00  1.37884539e-01 
 3.05000000e+00  1.35927053e-01 
 3.06000000e+00  1.33987518e-01 
 3.07000000e+00  1.32065744e-01 
 3.08000000e+00  1.30161549e-01 
 3.09000000e+00  1.28274754e-01 
 3.10000000e+00  1.26405187e-01 
 3.11000000e+00  1.24552678e-01 
 3.12000000e+00  1.22717064e-01 
 3.13000000e+00  1.20898185e-01 
 3.14000000e+00  1.19095885e-01 
 3.15000000e+00  1.17310015e-01 
 3.16000000e+00  1.15540426e-01 
 3.17000000e+00  1.13786976e-01 
 3.18000000e+00  1.12049526e-01 
 3.19000000e+00  1.10327941e-01 
 3.20000000e+00  1.08622089e-01 
 3.21000000e+00  1.06931842e-01 
 3.22000000e+00  1.05257076e-01 
 3.23000000e+00  1.03597670e-01 
 3.24000000e+00  1.01953506e-01 
 3.25000000e+00  1.00324470e-01 
 3.26000000e+00  9.87104508e-02 
 3.27000000e+00  9.71113401e-02 
 3.28000000e+00  9.55270330e-02 
 3.29000000e+00  9.39574274e-02 
 3.30000000e+00  9.24024243e-02 
 3.31000000e+00  9.08619272e-02 
 3.32000000e+00  8.93358427e-02 
 3.33000000e+00  8.78240798e-02 
 3.34000000e+00  8.63265505e-02 
 3.35000000e+00  8.48431690e-02 
 3.36000000e+00  8.33738524e-02 
 3.37000000e+00  8.19185201e-02 
 3.38000000e+00  8.04770938e-02 
 3.39000000e+00  7.90494979e-02 
 3.40000000e+00  7.76356589e-02 
 3.41000000e+00  7.62355056e-02 
 3.42000000e+00  7.48489691e-02 
 3.43000000e+00  7.34759827e-02 
 3.44000000e+00  7.21164818e-02 
 3.45000000e+00  7.07704038e-02 
 3.46000000e+00  6.94376885e-02 
 3.47000000e+00  6.81182774e-02 
 3.48000000e+00  6.68121141e-02 
 3.49000000e+00  6.55191442e-02 
 3.50000000e+00  6.42393152e-02 
 3.51000000e+00  6.29725763e-02 
 3.52000000e+00  6.17188789e-02 
 3.53000000e+00  6.04781760e-02 
 3.54000000e+00  5.92504223e-02 
 3.55000000e+00  5.80355744e-02 
 3.56000000e+00  5.68335907e-02 
 3.57000000e+00  5.56444310e-02 
 3.58000000e+00  5.44680571e-02 
 3.59000000e+00  5.33044323e-02 
 3.60000000e+00  5.21535214e-02 
 3.61000000e+00  5.10152910e-02 
 3.62000000e+00  4.98897091e-02 
 3.63000000e+00  4.87767453e-02 
 3.64000000e+00  4.76763708e-02 
 3.65000000e+00  4.65885583e-02 
 3.66000000e+00  4.55132817e-02 
 3.67000000e+00  4.44505166e-02 
 3.68000000e+00  4.34002401e-02 
 3.69000000e+00  4.23624305e-02 
 3.70000000e+00  4.13370677e-02 
 3.71000000e+00  4.03241327e-02 
 3.72000000e+00  3.93236082e-02 
 3.73000000e+00  3.83354780e-02 
 3.74000000e+00  3.73597272e-02 
 3.75000000e+00  3.63963424e-02 
 3.76000000e+00  3.54453114e-02 
 3.77000000e+00  3.45066232e-02 
 3.78000000e+00  3.35802681e-02 
 3.79000000e+00  3.26662378e-02 
 3.80000000e+00  3.17645249e-02 
 3.81000000e+00  3.08751236e-02 
 3.82000000e+00  2.99980291e-02 
 3.83000000e+00  2.91332377e-02 
 3.84000000e+00  2.82807470e-02 
 3.85000000e+00  2.74405559e-02 
 3.86000000e+00  2.66126643e-02 
 3.87000000e+00  2.57970731e-02 
 3.88000000e+00  2.49937846e-02 
 3.89000000e+00  2.42028021e-02 
 3.90000000e+00  2.34241301e-02 
 3.91000000e+00  2.26577740e-02 
 3.92000000e+00  2.19037405e-02 
 3.93000000e+00  2.11620373e-02 
 3.94000000e+00  2.04326732e-02 
 3.95000000e+00  1.97156580e-02 
 3.96000000e+00  1.90110027e-02 
 3.97000000e+00  1.83187191e-02 
 3.98000000e+00  1.76388204e-02 
 3.99000000e+00  1.69713204e-02 
 4.00000000e+00  1.63162344e-02 
 4.01000000e+00  1.56735783e-02 
 4.02000000e+00  1.50433692e-02 
 4.03000000e+00  1.44256253e-02 
 4.04000000e+00  1.38203657e-02 
 4.05000000e+00  1.32276103e-02 
 4.06000000e+00  1.26473804e-02 
 4.07000000e+00  1.20796979e-02 
 4.08000000e+00  1.15245859e-02 
 4.09000000e+00  1.09820684e-02 
 4.10000000e+00  1.04521704e-02 
 4.11000000e+00  9.93491780e-03 
 4.12000000e+00  9.43033748e-03 
 4.13000000e+00  8.93845729e-03 
 4.14000000e+00  8.45930602e-03 
 4.15000000e+00  7.99291340e-03 
 4.16000000e+00  7.53931010e-03 
 4.17000000e+00  7.09852772e-03 
 4.18000000e+00  6.67059881e-03 
 4.19000000e+00  6.25555683e-03 
 4.20000000e+00  5.85343617e-03 
 4.21000000e+00  5.46427216e-03 
 4.22000000e+00  5.08810101e-03 
 4.23000000e+00  4.72495989e-03 
 4.24000000e+00  4.37488685e-03 
 4.25000000e+00  4.03792089e-03 
 4.26000000e+00  3.71410187e-03 
 4.27000000e+00  3.40347061e-03 
 4.28000000e+00  3.10606879e-03 
 4.29000000e+00  2.82193902e-03 
 4.30000000e+00  2.55112482e-03 
 4.31000000e+00  2.29367058e-03 
 4.32000000e+00  2.04962162e-03 
 4.33000000e+00  1.81902414e-03 
 4.34000000e+00  1.60192525e-03 
 4.35000000e+00  1.39837296e-03 
 4.36000000e+00  1.20841616e-03 
 4.37000000e+00  1.03210466e-03 
 4.38000000e+00  8.69489139e-04 
 4.39000000e+00  7.20621200e-04 
 4.40000000e+00  5.85553331e-04 
 4.41000000e+00  4.64338918e-04 
 4.42000000e+00  3.57032249e-04 
 4.43000000e+00  2.63688509e-04 
 4.44000000e+00  1.84363788e-04 
 4.45000000e+00  1.21722293e-04 
 4.46000000e+00  9.57029015e-05 
 4.47000000e+00  7.52452001e-05 
 4.48000000e+00  5.91600449e-05 
 4.49000000e+00  4.65132890e-05 
 4.50000000e+00  3.65700618e-05 
 4.51000000e+00  2.87524985e-05 
 4.52000000e+00  2.26062171e-05 
 4.53000000e+00  1.77739451e-05 
 4.54000000e+00  1.39747732e-05 
 4.55000000e+00  1.09878387e-05 
 4.56000000e+00  8.63949257e-06 
 4.57000000e+00  6.79320851e-06 
 4.58000000e+00  5.34164780e-06 
 4.59000000e+00  4.20041986e-06 
 4.60000000e+00  3.30317647e-06 
 4.61000000e+00  2.59775455e-06 
 4.62000000e+00  2.04314341e-06 
 4.63000000e+00  1.60710047e-06 
 4.64000000e+00  1.26427660e-06 
 4.65000000e+00  9.94742282e-07 
 4.66000000e+00  7.82828909e-07 
 4.67000000e+00  6.16217771e-07 
 4.68000000e+00  4.85223846e-07 
 4.69000000e+00  3.82232709e-07 
 4.70000000e+00  3.01257844e-07 
 4.71000000e+00  2.37592593e-07 
 4.72000000e+00  1.87536528e-07 
 4.73000000e+00  1.48180323e-07 
 4.74000000e+00  1.17236619e-07 
 4.75000000e+00  9.29070568e-08 
 4.76000000e+00  7.37777292e-08 
 4.77000000e+00  5.87369922e-08 
 4.78000000e+00  4.69108449e-08 
 4.79000000e+00  3.76121249e-08 
 4.80000000e+00  3.03005658e-08 
 4.81000000e+00  2.45513940e-08 
 4.82000000e+00  2.00306387e-08 
 4.83000000e+00  1.64757204e-08 
 4.84000000e+00  1.36801898e-08 
 4.85000000e+00  1.14817283e-08 
 4.86000000e+00  9.75271447e-09 
 4.87000000e+00  8.39280681e-09 
 4.88000000e+00  7.32311241e-09 
 4.89000000e+00  6.48160194e-09 
 4.90000000e+00  5.81950488e-09 
 4.91000000e+00  5.29847537e-09 
 4.92000000e+00  4.88836386e-09 
 4.93000000e+00  4.56546510e-09 
 4.94000000e+00  4.31114067e-09 
 4.95000000e+00  4.11073592e-09 
 4.96000000e+00  3.95272847e-09 
 4.97000000e+00  3.82805870e-09 
 4.98000000e+00  3.72960333e-09 
 4.99000000e+00  3.65176154e-09 
 5.00000000e+00  3.59012960e-09 
