 7.81250000e-15  2.96274923e+00 
 8.03123088e-15  2.97646149e+00 
 8.46869263e-15  2.98082210e+00 
 9.34361614e-15  2.97697406e+00 
 1.10934632e-14  2.97886500e+00 
 1.45931572e-14  2.97426388e+00 
 2.15925452e-14  2.97308533e+00 
 3.55913213e-14  2.96356902e+00 
 6.35888736e-14  2.95383538e+00 
 7.05882616e-14  2.94993922e+00 
 8.45870377e-14  2.94484230e+00 
 8.80867318e-14  2.94366473e+00 
 8.89616553e-14  2.94337021e+00 
 9.07115023e-14  2.94278436e+00 
 9.42111963e-14  2.94163248e+00 
 9.50861198e-14  2.94134876e+00 
 9.68359668e-14  2.94078040e+00 
 1.00335661e-13  2.93963509e+00 
 1.07335049e-13  2.93729276e+00 
 1.21333825e-13  2.93236159e+00 
 1.49331377e-13  2.92151780e+00 
 2.05326482e-13  2.89688130e+00 
 3.17316691e-13  2.84247513e+00 
 5.41297108e-13  2.73921125e+00 
 8.36696256e-13  2.63866723e+00 
 1.24992666e-12  2.56259691e+00 
 1.84253001e-12  2.52856184e+00 
 2.89481855e-12  2.54704471e+00 
 4.09522787e-12  2.59949953e+00 
 6.18211903e-12  2.69226468e+00 
 8.84745249e-12  2.80369970e+00 
 1.34552148e-11  2.97330652e+00 
 1.85279105e-11  3.13163119e+00 
 2.60975838e-11  3.32935590e+00 
 4.12369304e-11  3.62569403e+00 
 6.28645257e-11  3.66058456e+00 
 8.98475262e-11  2.79981217e+00 
 1.00000000e-10  2.38917257e+00 
 1.01588490e-10  2.31590193e+00 
 1.04765471e-10  2.16778548e+00 
 1.11119432e-10  1.87717276e+00 
 1.23827354e-10  1.36057459e+00 
 1.49243198e-10  6.46285567e-01 
 1.86647889e-10  1.70675617e-01 
 2.24753124e-10  3.61523604e-02 
 2.60649999e-10  8.31416735e-03 
 3.07617664e-10  7.07552153e-04 
 3.79603636e-10 -2.66918670e-05 
 4.79603636e-10 -3.87365833e-05 
 5.79603636e-10  5.62604404e-05 
 6.79603636e-10 -6.02330610e-05 
 7.79603636e-10  6.06612816e-05 
 8.79603636e-10 -6.01822661e-05 
 9.79603636e-10  5.95031861e-05 
 1.07960364e-09 -5.88231693e-05 
 1.17960364e-09  5.81766756e-05 
 1.27960364e-09 -5.75789560e-05 
 1.37960364e-09  5.70180236e-05 
 1.47960364e-09 -5.64959528e-05 
 1.57960364e-09  5.60008354e-05 
 1.67960364e-09 -5.55341354e-05 
 1.77960364e-09  5.50866925e-05 
 1.87960364e-09 -5.46599919e-05 
 1.97960364e-09  5.42472062e-05 
 2.07960364e-09 -5.38496630e-05 
 2.10000000e-09  5.20282904e-05 
 2.10160745e-09 -1.07333299e-02 
 2.10482236e-09 -3.75303065e-02 
 2.11125218e-09 -1.01249455e-01 
 2.12097192e-09 -1.89389337e-01 
 2.13273069e-09 -2.64743467e-01 
 2.14357759e-09 -3.05337197e-01 
 2.16527139e-09 -3.32886971e-01 
 2.20000000e-09 -3.13723245e-01 
 2.20433876e-09 -2.71649337e-01 
 2.21301628e-09 -1.70440622e-01 
 2.23037133e-09  8.69709343e-02 
 2.26204941e-09  6.54616382e-01 
 2.30517836e-09  1.46952875e+00 
 2.36542825e-09  2.47513645e+00 
 2.44259304e-09  3.49575632e+00 
 2.54259304e-09  4.45783730e+00 
 2.60231101e-09  4.77504404e+00 
 2.66152977e-09  4.90262968e+00 
 2.72737731e-09  4.95531673e+00 
 2.82737731e-09  4.98177905e+00 
 2.92737731e-09  4.98910977e+00 
 3.02737731e-09  4.99295966e+00 
 3.12737731e-09  4.99485836e+00 
 3.22737731e-09  4.99628333e+00 
 3.32737731e-09  4.99695473e+00 
 3.42737731e-09  4.99772772e+00 
 3.52737731e-09  4.99797984e+00 
 3.62737731e-09  4.99848649e+00 
 3.72737731e-09  4.99855130e+00 
 3.82737731e-09  4.99891811e+00 
 3.92737731e-09  4.99884009e+00 
 4.00000000e-09  4.99908130e+00 
 4.00215305e-09  5.04864752e+00 
 4.00645914e-09  5.16177712e+00 
 4.01335961e-09  5.31281471e+00 
 4.02114852e-09  5.43565788e+00 
 4.02986579e-09  5.55307369e+00 
 4.04326404e-09  5.63888389e+00 
 4.05732899e-09  5.63340150e+00 
 4.07442593e-09  5.59709562e+00 
 4.09397621e-09  5.51283615e+00 
 4.10000000e-09  5.47063375e+00 
 4.10063759e-09  5.45650983e+00 
 4.10191276e-09  5.42192067e+00 
 4.10446310e-09  5.33942319e+00 
 4.10827041e-09  5.15441342e+00 
 4.11245493e-09  4.76403302e+00 
 4.11849394e-09  4.08021141e+00 
 4.12593242e-09  3.21793249e+00 
 4.13893019e-09  2.12909757e+00 
 4.15081046e-09  1.50716191e+00 
 4.16877435e-09  8.91539719e-01 
 4.19020906e-09  4.58625631e-01 
 4.21705304e-09  1.80645294e-01 
 4.25338585e-09  4.28255342e-02 
 4.29404648e-09  7.01253022e-03 
 4.34946777e-09  2.47578582e-04 
 4.43934811e-09 -1.79969552e-04 
 4.53934811e-09  1.63792114e-04 
 4.63934811e-09 -1.57634248e-04 
 4.73934811e-09  1.54384720e-04 
 4.83934811e-09 -1.52228259e-04 
 4.93934811e-09  1.50338236e-04 
 5.00000000e-09 -1.47733388e-04 
